Category	Momentum	N_as	N_pi_s	N_k_s	N_p_s	N_u_s	index1	index2	value
0	10	3754.61		1079.43		2617.05		0		58.1332		2	2	17811.2
0	10	3754.61		1079.43		2617.05		0		58.1332		4	2	0
0	10	3754.61		1079.43		2617.05		0		58.1332		4	4	0
0	10	3754.61		1079.43		2617.05		0		58.1332		6	2	-1376.84
0	10	3754.61		1079.43		2617.05		0		58.1332		6	4	0
0	10	3754.61		1079.43		2617.05		0		58.1332		6	6	9338.26
0	10	3754.61		1079.43		2617.05		0		58.1332		8	2	176.461
0	10	3754.61		1079.43		2617.05		0		58.1332		8	4	0
0	10	3754.61		1079.43		2617.05		0		58.1332		8	6	0.156109
0	10	3754.61		1079.43		2617.05		0		58.1332		8	8	214.285
0	11	3767.01		589.452		3164.43		0		13.1203		2	2	10625.8
0	11	3767.01		589.452		3164.43		0		13.1203		4	2	0
0	11	3767.01		589.452		3164.43		0		13.1203		4	4	0
0	11	3767.01		589.452		3164.43		0		13.1203		6	2	-1835.74
0	11	3767.01		589.452		3164.43		0		13.1203		6	4	0
0	11	3767.01		589.452		3164.43		0		13.1203		6	6	7700.5
0	11	3767.01		589.452		3164.43		0		13.1203		8	2	14.2081
0	11	3767.01		589.452		3164.43		0		13.1203		8	4	0
0	11	3767.01		589.452		3164.43		0		13.1203		8	6	-8.67929
0	11	3767.01		589.452		3164.43		0		13.1203		8	8	94.1817
0	12	3977.34		364.781		3596.71		0		15.8431		2	2	9187.6
0	12	3977.34		364.781		3596.71		0		15.8431		4	2	0
0	12	3977.34		364.781		3596.71		0		15.8431		4	4	0
0	12	3977.34		364.781		3596.71		0		15.8431		6	2	-1010.96
0	12	3977.34		364.781		3596.71		0		15.8431		6	4	0
0	12	3977.34		364.781		3596.71		0		15.8431		6	6	9143.57
0	12	3977.34		364.781		3596.71		0		15.8431		8	2	40.5482
0	12	3977.34		364.781		3596.71		0		15.8431		8	4	0
0	12	3977.34		364.781		3596.71		0		15.8431		8	6	13.003
0	12	3977.34		364.781		3596.71		0		15.8431		8	8	115.453
0	13	7454.05		512.363		6918.31		0		23.3769		2	2	19157
0	13	7454.05		512.363		6918.31		0		23.3769		4	2	0
0	13	7454.05		512.363		6918.31		0		23.3769		4	4	0
0	13	7454.05		512.363		6918.31		0		23.3769		6	2	138.565
0	13	7454.05		512.363		6918.31		0		23.3769		6	4	0
0	13	7454.05		512.363		6918.31		0		23.3769		6	6	10840.3
0	13	7454.05		512.363		6918.31		0		23.3769		8	2	134.952
0	13	7454.05		512.363		6918.31		0		23.3769		8	4	0
0	13	7454.05		512.363		6918.31		0		23.3769		8	6	54.765
0	13	7454.05		512.363		6918.31		0		23.3769		8	8	173.45
0	15	7734.65		465.944		7210.87		0		57.8311		2	2	24747
0	15	7734.65		465.944		7210.87		0		57.8311		4	2	0
0	15	7734.65		465.944		7210.87		0		57.8311		4	4	0
0	15	7734.65		465.944		7210.87		0		57.8311		6	2	-2756.25
0	15	7734.65		465.944		7210.87		0		57.8311		6	4	0
0	15	7734.65		465.944		7210.87		0		57.8311		6	6	12019.2
0	15	7734.65		465.944		7210.87		0		57.8311		8	2	100.577
0	15	7734.65		465.944		7210.87		0		57.8311		8	4	0
0	15	7734.65		465.944		7210.87		0		57.8311		8	6	1.55166
0	15	7734.65		465.944		7210.87		0		57.8311		8	8	212.623
0	17	6589.26		590.016		5999.24		6.8632e-08		1.94814e-07		2	2	17720.6
0	17	6589.26		590.016		5999.24		6.8632e-08		1.94814e-07		4	2	0.000274945
0	17	6589.26		590.016		5999.24		6.8632e-08		1.94814e-07		4	4	7.74885e-07
0	17	6589.26		590.016		5999.24		6.8632e-08		1.94814e-07		6	2	-2629.21
0	17	6589.26		590.016		5999.24		6.8632e-08		1.94814e-07		6	4	-0.000462893
0	17	6589.26		590.016		5999.24		6.8632e-08		1.94814e-07		6	6	9476.37
0	17	6589.26		590.016		5999.24		6.8632e-08		1.94814e-07		8	2	0.000239846
0	17	6589.26		590.016		5999.24		6.8632e-08		1.94814e-07		8	4	1.4524e-09
0	17	6589.26		590.016		5999.24		6.8632e-08		1.94814e-07		8	6	-0.00154342
0	17	6589.26		590.016		5999.24		6.8632e-08		1.94814e-07		8	8	2.34597e-06
0	19	8596.47		747.629		7821.72		21.3566		5.7672		2	2	34041.7
0	19	8596.47		747.629		7821.72		21.3566		5.7672		4	2	381.102
0	19	8596.47		747.629		7821.72		21.3566		5.7672		4	4	594.585
0	19	8596.47		747.629		7821.72		21.3566		5.7672		6	2	-2688.89
0	19	8596.47		747.629		7821.72		21.3566		5.7672		6	4	56.7829
0	19	8596.47		747.629		7821.72		21.3566		5.7672		6	6	11933.2
0	19	8596.47		747.629		7821.72		21.3566		5.7672		8	2	26.6137
0	19	8596.47		747.629		7821.72		21.3566		5.7672		8	4	2.04428
0	19	8596.47		747.629		7821.72		21.3566		5.7672		8	6	2.92513
0	19	8596.47		747.629		7821.72		21.3566		5.7672		8	8	39.9317
0	22	7083.17		952.691		6059.43		71.0453		3.52326e-06		2	2	20496.2
0	22	7083.17		952.691		6059.43		71.0453		3.52326e-06		4	2	135.131
0	22	7083.17		952.691		6059.43		71.0453		3.52326e-06		4	4	548.871
0	22	7083.17		952.691		6059.43		71.0453		3.52326e-06		6	2	-2378
0	22	7083.17		952.691		6059.43		71.0453		3.52326e-06		6	4	-10.7406
0	22	7083.17		952.691		6059.43		71.0453		3.52326e-06		6	6	8091.91
0	22	7083.17		952.691		6059.43		71.0453		3.52326e-06		8	2	0.0130558
0	22	7083.17		952.691		6059.43		71.0453		3.52326e-06		8	4	0.00121762
0	22	7083.17		952.691		6059.43		71.0453		3.52326e-06		8	6	-0.00034742
0	22	7083.17		952.691		6059.43		71.0453		3.52326e-06		8	8	5.03663e-05
0	25	4033.94		661.831		3327.16		44.951		3.66511e-06		2	2	14395.6
0	25	4033.94		661.831		3327.16		44.951		3.66511e-06		4	2	602.742
0	25	4033.94		661.831		3327.16		44.951		3.66511e-06		4	4	332.376
0	25	4033.94		661.831		3327.16		44.951		3.66511e-06		6	2	1449.33
0	25	4033.94		661.831		3327.16		44.951		3.66511e-06		6	4	261.232
0	25	4033.94		661.831		3327.16		44.951		3.66511e-06		6	6	6084.57
0	25	4033.94		661.831		3327.16		44.951		3.66511e-06		8	2	4.13556e-05
0	25	4033.94		661.831		3327.16		44.951		3.66511e-06		8	4	4.89869e-06
0	25	4033.94		661.831		3327.16		44.951		3.66511e-06		8	6	5.97524e-06
0	25	4033.94		661.831		3327.16		44.951		3.66511e-06		8	8	1.01797e-05
0	27	4921.52		934.633		3918.82		66.1949		1.87057		2	2	9924.99
0	27	4921.52		934.633		3918.82		66.1949		1.87057		4	2	100.136
0	27	4921.52		934.633		3918.82		66.1949		1.87057		4	4	366.755
0	27	4921.52		934.633		3918.82		66.1949		1.87057		6	2	-1160.91
0	27	4921.52		934.633		3918.82		66.1949		1.87057		6	4	32.2418
0	27	4921.52		934.633		3918.82		66.1949		1.87057		6	6	5990.17
0	27	4921.52		934.633		3918.82		66.1949		1.87057		8	2	7.58946
0	27	4921.52		934.633		3918.82		66.1949		1.87057		8	4	1.37438
0	27	4921.52		934.633		3918.82		66.1949		1.87057		8	6	2.7781
0	27	4921.52		934.633		3918.82		66.1949		1.87057		8	8	20.7215
0	30	6217.69		1677.23		4456.37		77.8484		6.23659		2	2	6735.26
0	30	6217.69		1677.23		4456.37		77.8484		6.23659		4	2	-32.9893
0	30	6217.69		1677.23		4456.37		77.8484		6.23659		4	4	295.302
0	30	6217.69		1677.23		4456.37		77.8484		6.23659		6	2	-3598.9
0	30	6217.69		1677.23		4456.37		77.8484		6.23659		6	4	-123.928
0	30	6217.69		1677.23		4456.37		77.8484		6.23659		6	6	13192.2
0	30	6217.69		1677.23		4456.37		77.8484		6.23659		8	2	-3.1373
0	30	6217.69		1677.23		4456.37		77.8484		6.23659		8	4	-0.0180359
0	30	6217.69		1677.23		4456.37		77.8484		6.23659		8	6	-9.11912
0	30	6217.69		1677.23		4456.37		77.8484		6.23659		8	8	20.0082
0	35	4665.98		1845.99		2757.4		55.4417		7.15717		2	2	3714.17
0	35	4665.98		1845.99		2757.4		55.4417		7.15717		4	2	-24.3842
0	35	4665.98		1845.99		2757.4		55.4417		7.15717		4	4	159.754
0	35	4665.98		1845.99		2757.4		55.4417		7.15717		6	2	-1316.14
0	35	4665.98		1845.99		2757.4		55.4417		7.15717		6	4	-43.6122
0	35	4665.98		1845.99		2757.4		55.4417		7.15717		6	6	5581.14
0	35	4665.98		1845.99		2757.4		55.4417		7.15717		8	2	-2.24716
0	35	4665.98		1845.99		2757.4		55.4417		7.15717		8	4	-0.0486993
0	35	4665.98		1845.99		2757.4		55.4417		7.15717		8	6	-4.15378
0	35	4665.98		1845.99		2757.4		55.4417		7.15717		8	8	13.3619
0	40	5457.04		2807.33		2506.27		130.657		12.7827		2	2	4974.65
0	40	5457.04		2807.33		2506.27		130.657		12.7827		4	2	32.4835
0	40	5457.04		2807.33		2506.27		130.657		12.7827		4	4	291.378
0	40	5457.04		2807.33		2506.27		130.657		12.7827		6	2	-766.74
0	40	5457.04		2807.33		2506.27		130.657		12.7827		6	4	31.5889
0	40	5457.04		2807.33		2506.27		130.657		12.7827		6	6	5880.38
0	40	5457.04		2807.33		2506.27		130.657		12.7827		8	2	3.68026
0	40	5457.04		2807.33		2506.27		130.657		12.7827		8	4	1.13684
0	40	5457.04		2807.33		2506.27		130.657		12.7827		8	6	3.6074
0	40	5457.04		2807.33		2506.27		130.657		12.7827		8	8	27.1837
1	10	3754.61		1079.43		2617.05		0		58.1332		2	2	17811.2
1	10	3754.61		1079.43		2617.05		0		58.1332		4	2	0
1	10	3754.61		1079.43		2617.05		0		58.1332		4	4	0
1	10	3754.61		1079.43		2617.05		0		58.1332		6	2	-1376.84
1	10	3754.61		1079.43		2617.05		0		58.1332		6	4	0
1	10	3754.61		1079.43		2617.05		0		58.1332		6	6	9338.26
1	10	3754.61		1079.43		2617.05		0		58.1332		8	2	176.461
1	10	3754.61		1079.43		2617.05		0		58.1332		8	4	0
1	10	3754.61		1079.43		2617.05		0		58.1332		8	6	0.156109
1	10	3754.61		1079.43		2617.05		0		58.1332		8	8	214.285
1	11	3767.01		589.452		3164.43		0		13.1203		2	2	10625.8
1	11	3767.01		589.452		3164.43		0		13.1203		4	2	0
1	11	3767.01		589.452		3164.43		0		13.1203		4	4	0
1	11	3767.01		589.452		3164.43		0		13.1203		6	2	-1835.74
1	11	3767.01		589.452		3164.43		0		13.1203		6	4	0
1	11	3767.01		589.452		3164.43		0		13.1203		6	6	7700.5
1	11	3767.01		589.452		3164.43		0		13.1203		8	2	14.2081
1	11	3767.01		589.452		3164.43		0		13.1203		8	4	0
1	11	3767.01		589.452		3164.43		0		13.1203		8	6	-8.67929
1	11	3767.01		589.452		3164.43		0		13.1203		8	8	94.1817
1	12	3977.34		364.781		3596.71		0		15.8431		2	2	9187.6
1	12	3977.34		364.781		3596.71		0		15.8431		4	2	0
1	12	3977.34		364.781		3596.71		0		15.8431		4	4	0
1	12	3977.34		364.781		3596.71		0		15.8431		6	2	-1010.96
1	12	3977.34		364.781		3596.71		0		15.8431		6	4	0
1	12	3977.34		364.781		3596.71		0		15.8431		6	6	9143.57
1	12	3977.34		364.781		3596.71		0		15.8431		8	2	40.5482
1	12	3977.34		364.781		3596.71		0		15.8431		8	4	0
1	12	3977.34		364.781		3596.71		0		15.8431		8	6	13.003
1	12	3977.34		364.781		3596.71		0		15.8431		8	8	115.453
1	13	7454.05		512.363		6918.31		0		23.3769		2	2	19157
1	13	7454.05		512.363		6918.31		0		23.3769		4	2	0
1	13	7454.05		512.363		6918.31		0		23.3769		4	4	0
1	13	7454.05		512.363		6918.31		0		23.3769		6	2	138.565
1	13	7454.05		512.363		6918.31		0		23.3769		6	4	0
1	13	7454.05		512.363		6918.31		0		23.3769		6	6	10840.3
1	13	7454.05		512.363		6918.31		0		23.3769		8	2	134.952
1	13	7454.05		512.363		6918.31		0		23.3769		8	4	0
1	13	7454.05		512.363		6918.31		0		23.3769		8	6	54.765
1	13	7454.05		512.363		6918.31		0		23.3769		8	8	173.45
1	15	7734.65		465.944		7210.87		0		57.8311		2	2	24747
1	15	7734.65		465.944		7210.87		0		57.8311		4	2	0
1	15	7734.65		465.944		7210.87		0		57.8311		4	4	0
1	15	7734.65		465.944		7210.87		0		57.8311		6	2	-2756.25
1	15	7734.65		465.944		7210.87		0		57.8311		6	4	0
1	15	7734.65		465.944		7210.87		0		57.8311		6	6	12019.2
1	15	7734.65		465.944		7210.87		0		57.8311		8	2	100.577
1	15	7734.65		465.944		7210.87		0		57.8311		8	4	0
1	15	7734.65		465.944		7210.87		0		57.8311		8	6	1.55166
1	15	7734.65		465.944		7210.87		0		57.8311		8	8	212.623
1	17	6589.26		590.016		5999.24		6.8632e-08		1.94814e-07		2	2	17720.6
1	17	6589.26		590.016		5999.24		6.8632e-08		1.94814e-07		4	2	0.000274945
1	17	6589.26		590.016		5999.24		6.8632e-08		1.94814e-07		4	4	7.74885e-07
1	17	6589.26		590.016		5999.24		6.8632e-08		1.94814e-07		6	2	-2629.21
1	17	6589.26		590.016		5999.24		6.8632e-08		1.94814e-07		6	4	-0.000462893
1	17	6589.26		590.016		5999.24		6.8632e-08		1.94814e-07		6	6	9476.37
1	17	6589.26		590.016		5999.24		6.8632e-08		1.94814e-07		8	2	0.000239846
1	17	6589.26		590.016		5999.24		6.8632e-08		1.94814e-07		8	4	1.4524e-09
1	17	6589.26		590.016		5999.24		6.8632e-08		1.94814e-07		8	6	-0.00154342
1	17	6589.26		590.016		5999.24		6.8632e-08		1.94814e-07		8	8	2.34597e-06
1	19	8596.47		747.629		7821.72		21.3566		5.7672		2	2	34041.7
1	19	8596.47		747.629		7821.72		21.3566		5.7672		4	2	381.102
1	19	8596.47		747.629		7821.72		21.3566		5.7672		4	4	594.585
1	19	8596.47		747.629		7821.72		21.3566		5.7672		6	2	-2688.89
1	19	8596.47		747.629		7821.72		21.3566		5.7672		6	4	56.7829
1	19	8596.47		747.629		7821.72		21.3566		5.7672		6	6	11933.2
1	19	8596.47		747.629		7821.72		21.3566		5.7672		8	2	26.6137
1	19	8596.47		747.629		7821.72		21.3566		5.7672		8	4	2.04428
1	19	8596.47		747.629		7821.72		21.3566		5.7672		8	6	2.92513
1	19	8596.47		747.629		7821.72		21.3566		5.7672		8	8	39.9317
1	22	7083.17		952.691		6059.43		71.0453		3.52326e-06		2	2	20496.2
1	22	7083.17		952.691		6059.43		71.0453		3.52326e-06		4	2	135.131
1	22	7083.17		952.691		6059.43		71.0453		3.52326e-06		4	4	548.871
1	22	7083.17		952.691		6059.43		71.0453		3.52326e-06		6	2	-2378
1	22	7083.17		952.691		6059.43		71.0453		3.52326e-06		6	4	-10.7406
1	22	7083.17		952.691		6059.43		71.0453		3.52326e-06		6	6	8091.91
1	22	7083.17		952.691		6059.43		71.0453		3.52326e-06		8	2	0.0130558
1	22	7083.17		952.691		6059.43		71.0453		3.52326e-06		8	4	0.00121762
1	22	7083.17		952.691		6059.43		71.0453		3.52326e-06		8	6	-0.00034742
1	22	7083.17		952.691		6059.43		71.0453		3.52326e-06		8	8	5.03663e-05
1	25	4033.94		661.831		3327.16		44.951		3.66511e-06		2	2	14395.6
1	25	4033.94		661.831		3327.16		44.951		3.66511e-06		4	2	602.742
1	25	4033.94		661.831		3327.16		44.951		3.66511e-06		4	4	332.376
1	25	4033.94		661.831		3327.16		44.951		3.66511e-06		6	2	1449.33
1	25	4033.94		661.831		3327.16		44.951		3.66511e-06		6	4	261.232
1	25	4033.94		661.831		3327.16		44.951		3.66511e-06		6	6	6084.57
1	25	4033.94		661.831		3327.16		44.951		3.66511e-06		8	2	4.13556e-05
1	25	4033.94		661.831		3327.16		44.951		3.66511e-06		8	4	4.89869e-06
1	25	4033.94		661.831		3327.16		44.951		3.66511e-06		8	6	5.97524e-06
1	25	4033.94		661.831		3327.16		44.951		3.66511e-06		8	8	1.01797e-05
1	27	4921.52		934.633		3918.82		66.1949		1.87057		2	2	9924.99
1	27	4921.52		934.633		3918.82		66.1949		1.87057		4	2	100.136
1	27	4921.52		934.633		3918.82		66.1949		1.87057		4	4	366.755
1	27	4921.52		934.633		3918.82		66.1949		1.87057		6	2	-1160.91
1	27	4921.52		934.633		3918.82		66.1949		1.87057		6	4	32.2418
1	27	4921.52		934.633		3918.82		66.1949		1.87057		6	6	5990.17
1	27	4921.52		934.633		3918.82		66.1949		1.87057		8	2	7.58946
1	27	4921.52		934.633		3918.82		66.1949		1.87057		8	4	1.37438
1	27	4921.52		934.633		3918.82		66.1949		1.87057		8	6	2.7781
1	27	4921.52		934.633		3918.82		66.1949		1.87057		8	8	20.7215
1	30	6217.69		1677.23		4456.37		77.8484		6.23659		2	2	6735.26
1	30	6217.69		1677.23		4456.37		77.8484		6.23659		4	2	-32.9893
1	30	6217.69		1677.23		4456.37		77.8484		6.23659		4	4	295.302
1	30	6217.69		1677.23		4456.37		77.8484		6.23659		6	2	-3598.9
1	30	6217.69		1677.23		4456.37		77.8484		6.23659		6	4	-123.928
1	30	6217.69		1677.23		4456.37		77.8484		6.23659		6	6	13192.2
1	30	6217.69		1677.23		4456.37		77.8484		6.23659		8	2	-3.1373
1	30	6217.69		1677.23		4456.37		77.8484		6.23659		8	4	-0.0180359
1	30	6217.69		1677.23		4456.37		77.8484		6.23659		8	6	-9.11912
1	30	6217.69		1677.23		4456.37		77.8484		6.23659		8	8	20.0082
1	35	4665.98		1845.99		2757.4		55.4417		7.15717		2	2	3714.17
1	35	4665.98		1845.99		2757.4		55.4417		7.15717		4	2	-24.3842
1	35	4665.98		1845.99		2757.4		55.4417		7.15717		4	4	159.754
1	35	4665.98		1845.99		2757.4		55.4417		7.15717		6	2	-1316.14
1	35	4665.98		1845.99		2757.4		55.4417		7.15717		6	4	-43.6122
1	35	4665.98		1845.99		2757.4		55.4417		7.15717		6	6	5581.14
1	35	4665.98		1845.99		2757.4		55.4417		7.15717		8	2	-2.24716
1	35	4665.98		1845.99		2757.4		55.4417		7.15717		8	4	-0.0486993
1	35	4665.98		1845.99		2757.4		55.4417		7.15717		8	6	-4.15378
1	35	4665.98		1845.99		2757.4		55.4417		7.15717		8	8	13.3619
1	40	5457.04		2807.33		2506.27		130.657		12.7827		2	2	4974.65
1	40	5457.04		2807.33		2506.27		130.657		12.7827		4	2	32.4835
1	40	5457.04		2807.33		2506.27		130.657		12.7827		4	4	291.378
1	40	5457.04		2807.33		2506.27		130.657		12.7827		6	2	-766.74
1	40	5457.04		2807.33		2506.27		130.657		12.7827		6	4	31.5889
1	40	5457.04		2807.33		2506.27		130.657		12.7827		6	6	5880.38
1	40	5457.04		2807.33		2506.27		130.657		12.7827		8	2	3.68026
1	40	5457.04		2807.33		2506.27		130.657		12.7827		8	4	1.13684
1	40	5457.04		2807.33		2506.27		130.657		12.7827		8	6	3.6074
1	40	5457.04		2807.33		2506.27		130.657		12.7827		8	8	27.1837
2	10	3754.61		1079.43		2617.05		0		58.1332		2	2	17811.2
2	10	3754.61		1079.43		2617.05		0		58.1332		4	2	0
2	10	3754.61		1079.43		2617.05		0		58.1332		4	4	0
2	10	3754.61		1079.43		2617.05		0		58.1332		6	2	-1376.84
2	10	3754.61		1079.43		2617.05		0		58.1332		6	4	0
2	10	3754.61		1079.43		2617.05		0		58.1332		6	6	9338.26
2	10	3754.61		1079.43		2617.05		0		58.1332		8	2	176.461
2	10	3754.61		1079.43		2617.05		0		58.1332		8	4	0
2	10	3754.61		1079.43		2617.05		0		58.1332		8	6	0.156109
2	10	3754.61		1079.43		2617.05		0		58.1332		8	8	214.285
2	11	3767.01		589.452		3164.43		0		13.1203		2	2	10625.8
2	11	3767.01		589.452		3164.43		0		13.1203		4	2	0
2	11	3767.01		589.452		3164.43		0		13.1203		4	4	0
2	11	3767.01		589.452		3164.43		0		13.1203		6	2	-1835.74
2	11	3767.01		589.452		3164.43		0		13.1203		6	4	0
2	11	3767.01		589.452		3164.43		0		13.1203		6	6	7700.5
2	11	3767.01		589.452		3164.43		0		13.1203		8	2	14.2081
2	11	3767.01		589.452		3164.43		0		13.1203		8	4	0
2	11	3767.01		589.452		3164.43		0		13.1203		8	6	-8.67929
2	11	3767.01		589.452		3164.43		0		13.1203		8	8	94.1817
2	12	3977.34		364.781		3596.71		0		15.8431		2	2	9187.6
2	12	3977.34		364.781		3596.71		0		15.8431		4	2	0
2	12	3977.34		364.781		3596.71		0		15.8431		4	4	0
2	12	3977.34		364.781		3596.71		0		15.8431		6	2	-1010.96
2	12	3977.34		364.781		3596.71		0		15.8431		6	4	0
2	12	3977.34		364.781		3596.71		0		15.8431		6	6	9143.57
2	12	3977.34		364.781		3596.71		0		15.8431		8	2	40.5482
2	12	3977.34		364.781		3596.71		0		15.8431		8	4	0
2	12	3977.34		364.781		3596.71		0		15.8431		8	6	13.003
2	12	3977.34		364.781		3596.71		0		15.8431		8	8	115.453
2	13	7454.05		512.363		6918.31		0		23.3769		2	2	19157
2	13	7454.05		512.363		6918.31		0		23.3769		4	2	0
2	13	7454.05		512.363		6918.31		0		23.3769		4	4	0
2	13	7454.05		512.363		6918.31		0		23.3769		6	2	138.565
2	13	7454.05		512.363		6918.31		0		23.3769		6	4	0
2	13	7454.05		512.363		6918.31		0		23.3769		6	6	10840.3
2	13	7454.05		512.363		6918.31		0		23.3769		8	2	134.952
2	13	7454.05		512.363		6918.31		0		23.3769		8	4	0
2	13	7454.05		512.363		6918.31		0		23.3769		8	6	54.765
2	13	7454.05		512.363		6918.31		0		23.3769		8	8	173.45
2	15	7734.65		465.944		7210.87		0		57.8311		2	2	24747
2	15	7734.65		465.944		7210.87		0		57.8311		4	2	0
2	15	7734.65		465.944		7210.87		0		57.8311		4	4	0
2	15	7734.65		465.944		7210.87		0		57.8311		6	2	-2756.25
2	15	7734.65		465.944		7210.87		0		57.8311		6	4	0
2	15	7734.65		465.944		7210.87		0		57.8311		6	6	12019.2
2	15	7734.65		465.944		7210.87		0		57.8311		8	2	100.577
2	15	7734.65		465.944		7210.87		0		57.8311		8	4	0
2	15	7734.65		465.944		7210.87		0		57.8311		8	6	1.55166
2	15	7734.65		465.944		7210.87		0		57.8311		8	8	212.623
2	17	6589.26		590.016		5999.24		6.8632e-08		1.94814e-07		2	2	17720.6
2	17	6589.26		590.016		5999.24		6.8632e-08		1.94814e-07		4	2	0.000274945
2	17	6589.26		590.016		5999.24		6.8632e-08		1.94814e-07		4	4	7.74885e-07
2	17	6589.26		590.016		5999.24		6.8632e-08		1.94814e-07		6	2	-2629.21
2	17	6589.26		590.016		5999.24		6.8632e-08		1.94814e-07		6	4	-0.000462893
2	17	6589.26		590.016		5999.24		6.8632e-08		1.94814e-07		6	6	9476.37
2	17	6589.26		590.016		5999.24		6.8632e-08		1.94814e-07		8	2	0.000239846
2	17	6589.26		590.016		5999.24		6.8632e-08		1.94814e-07		8	4	1.4524e-09
2	17	6589.26		590.016		5999.24		6.8632e-08		1.94814e-07		8	6	-0.00154342
2	17	6589.26		590.016		5999.24		6.8632e-08		1.94814e-07		8	8	2.34597e-06
2	19	8596.47		747.629		7821.72		21.3566		5.7672		2	2	34041.7
2	19	8596.47		747.629		7821.72		21.3566		5.7672		4	2	381.102
2	19	8596.47		747.629		7821.72		21.3566		5.7672		4	4	594.585
2	19	8596.47		747.629		7821.72		21.3566		5.7672		6	2	-2688.89
2	19	8596.47		747.629		7821.72		21.3566		5.7672		6	4	56.7829
2	19	8596.47		747.629		7821.72		21.3566		5.7672		6	6	11933.2
2	19	8596.47		747.629		7821.72		21.3566		5.7672		8	2	26.6137
2	19	8596.47		747.629		7821.72		21.3566		5.7672		8	4	2.04428
2	19	8596.47		747.629		7821.72		21.3566		5.7672		8	6	2.92513
2	19	8596.47		747.629		7821.72		21.3566		5.7672		8	8	39.9317
2	22	7083.17		952.691		6059.43		71.0453		3.52326e-06		2	2	20496.2
2	22	7083.17		952.691		6059.43		71.0453		3.52326e-06		4	2	135.131
2	22	7083.17		952.691		6059.43		71.0453		3.52326e-06		4	4	548.871
2	22	7083.17		952.691		6059.43		71.0453		3.52326e-06		6	2	-2378
2	22	7083.17		952.691		6059.43		71.0453		3.52326e-06		6	4	-10.7406
2	22	7083.17		952.691		6059.43		71.0453		3.52326e-06		6	6	8091.91
2	22	7083.17		952.691		6059.43		71.0453		3.52326e-06		8	2	0.0130558
2	22	7083.17		952.691		6059.43		71.0453		3.52326e-06		8	4	0.00121762
2	22	7083.17		952.691		6059.43		71.0453		3.52326e-06		8	6	-0.00034742
2	22	7083.17		952.691		6059.43		71.0453		3.52326e-06		8	8	5.03663e-05
2	25	4033.94		661.831		3327.16		44.951		3.66511e-06		2	2	14395.6
2	25	4033.94		661.831		3327.16		44.951		3.66511e-06		4	2	602.742
2	25	4033.94		661.831		3327.16		44.951		3.66511e-06		4	4	332.376
2	25	4033.94		661.831		3327.16		44.951		3.66511e-06		6	2	1449.33
2	25	4033.94		661.831		3327.16		44.951		3.66511e-06		6	4	261.232
2	25	4033.94		661.831		3327.16		44.951		3.66511e-06		6	6	6084.57
2	25	4033.94		661.831		3327.16		44.951		3.66511e-06		8	2	4.13556e-05
2	25	4033.94		661.831		3327.16		44.951		3.66511e-06		8	4	4.89869e-06
2	25	4033.94		661.831		3327.16		44.951		3.66511e-06		8	6	5.97524e-06
2	25	4033.94		661.831		3327.16		44.951		3.66511e-06		8	8	1.01797e-05
2	27	4921.52		934.633		3918.82		66.1949		1.87057		2	2	9924.99
2	27	4921.52		934.633		3918.82		66.1949		1.87057		4	2	100.136
2	27	4921.52		934.633		3918.82		66.1949		1.87057		4	4	366.755
2	27	4921.52		934.633		3918.82		66.1949		1.87057		6	2	-1160.91
2	27	4921.52		934.633		3918.82		66.1949		1.87057		6	4	32.2418
2	27	4921.52		934.633		3918.82		66.1949		1.87057		6	6	5990.17
2	27	4921.52		934.633		3918.82		66.1949		1.87057		8	2	7.58946
2	27	4921.52		934.633		3918.82		66.1949		1.87057		8	4	1.37438
2	27	4921.52		934.633		3918.82		66.1949		1.87057		8	6	2.7781
2	27	4921.52		934.633		3918.82		66.1949		1.87057		8	8	20.7215
2	30	6217.69		1677.23		4456.37		77.8484		6.23659		2	2	6735.26
2	30	6217.69		1677.23		4456.37		77.8484		6.23659		4	2	-32.9893
2	30	6217.69		1677.23		4456.37		77.8484		6.23659		4	4	295.302
2	30	6217.69		1677.23		4456.37		77.8484		6.23659		6	2	-3598.9
2	30	6217.69		1677.23		4456.37		77.8484		6.23659		6	4	-123.928
2	30	6217.69		1677.23		4456.37		77.8484		6.23659		6	6	13192.2
2	30	6217.69		1677.23		4456.37		77.8484		6.23659		8	2	-3.1373
2	30	6217.69		1677.23		4456.37		77.8484		6.23659		8	4	-0.0180359
2	30	6217.69		1677.23		4456.37		77.8484		6.23659		8	6	-9.11912
2	30	6217.69		1677.23		4456.37		77.8484		6.23659		8	8	20.0082
2	35	4665.98		1845.99		2757.4		55.4417		7.15717		2	2	3714.17
2	35	4665.98		1845.99		2757.4		55.4417		7.15717		4	2	-24.3842
2	35	4665.98		1845.99		2757.4		55.4417		7.15717		4	4	159.754
2	35	4665.98		1845.99		2757.4		55.4417		7.15717		6	2	-1316.14
2	35	4665.98		1845.99		2757.4		55.4417		7.15717		6	4	-43.6122
2	35	4665.98		1845.99		2757.4		55.4417		7.15717		6	6	5581.14
2	35	4665.98		1845.99		2757.4		55.4417		7.15717		8	2	-2.24716
2	35	4665.98		1845.99		2757.4		55.4417		7.15717		8	4	-0.0486993
2	35	4665.98		1845.99		2757.4		55.4417		7.15717		8	6	-4.15378
2	35	4665.98		1845.99		2757.4		55.4417		7.15717		8	8	13.3619
2	40	5457.04		2807.33		2506.27		130.657		12.7827		2	2	4974.65
2	40	5457.04		2807.33		2506.27		130.657		12.7827		4	2	32.4835
2	40	5457.04		2807.33		2506.27		130.657		12.7827		4	4	291.378
2	40	5457.04		2807.33		2506.27		130.657		12.7827		6	2	-766.74
2	40	5457.04		2807.33		2506.27		130.657		12.7827		6	4	31.5889
2	40	5457.04		2807.33		2506.27		130.657		12.7827		6	6	5880.38
2	40	5457.04		2807.33		2506.27		130.657		12.7827		8	2	3.68026
2	40	5457.04		2807.33		2506.27		130.657		12.7827		8	4	1.13684
2	40	5457.04		2807.33		2506.27		130.657		12.7827		8	6	3.6074
2	40	5457.04		2807.33		2506.27		130.657		12.7827		8	8	27.1837
3	10	3754.61		1079.43		2617.05		0		58.1332		2	2	17811.2
3	10	3754.61		1079.43		2617.05		0		58.1332		4	2	0
3	10	3754.61		1079.43		2617.05		0		58.1332		4	4	0
3	10	3754.61		1079.43		2617.05		0		58.1332		6	2	-1376.84
3	10	3754.61		1079.43		2617.05		0		58.1332		6	4	0
3	10	3754.61		1079.43		2617.05		0		58.1332		6	6	9338.26
3	10	3754.61		1079.43		2617.05		0		58.1332		8	2	176.461
3	10	3754.61		1079.43		2617.05		0		58.1332		8	4	0
3	10	3754.61		1079.43		2617.05		0		58.1332		8	6	0.156109
3	10	3754.61		1079.43		2617.05		0		58.1332		8	8	214.285
3	11	3767.01		589.452		3164.43		0		13.1203		2	2	10625.8
3	11	3767.01		589.452		3164.43		0		13.1203		4	2	0
3	11	3767.01		589.452		3164.43		0		13.1203		4	4	0
3	11	3767.01		589.452		3164.43		0		13.1203		6	2	-1835.74
3	11	3767.01		589.452		3164.43		0		13.1203		6	4	0
3	11	3767.01		589.452		3164.43		0		13.1203		6	6	7700.5
3	11	3767.01		589.452		3164.43		0		13.1203		8	2	14.2081
3	11	3767.01		589.452		3164.43		0		13.1203		8	4	0
3	11	3767.01		589.452		3164.43		0		13.1203		8	6	-8.67929
3	11	3767.01		589.452		3164.43		0		13.1203		8	8	94.1817
3	12	3977.34		364.781		3596.71		0		15.8431		2	2	9187.6
3	12	3977.34		364.781		3596.71		0		15.8431		4	2	0
3	12	3977.34		364.781		3596.71		0		15.8431		4	4	0
3	12	3977.34		364.781		3596.71		0		15.8431		6	2	-1010.96
3	12	3977.34		364.781		3596.71		0		15.8431		6	4	0
3	12	3977.34		364.781		3596.71		0		15.8431		6	6	9143.57
3	12	3977.34		364.781		3596.71		0		15.8431		8	2	40.5482
3	12	3977.34		364.781		3596.71		0		15.8431		8	4	0
3	12	3977.34		364.781		3596.71		0		15.8431		8	6	13.003
3	12	3977.34		364.781		3596.71		0		15.8431		8	8	115.453
3	13	7454.05		512.363		6918.31		0		23.3769		2	2	19157
3	13	7454.05		512.363		6918.31		0		23.3769		4	2	0
3	13	7454.05		512.363		6918.31		0		23.3769		4	4	0
3	13	7454.05		512.363		6918.31		0		23.3769		6	2	138.565
3	13	7454.05		512.363		6918.31		0		23.3769		6	4	0
3	13	7454.05		512.363		6918.31		0		23.3769		6	6	10840.3
3	13	7454.05		512.363		6918.31		0		23.3769		8	2	134.952
3	13	7454.05		512.363		6918.31		0		23.3769		8	4	0
3	13	7454.05		512.363		6918.31		0		23.3769		8	6	54.765
3	13	7454.05		512.363		6918.31		0		23.3769		8	8	173.45
3	15	7734.65		465.944		7210.87		0		57.8311		2	2	24747
3	15	7734.65		465.944		7210.87		0		57.8311		4	2	0
3	15	7734.65		465.944		7210.87		0		57.8311		4	4	0
3	15	7734.65		465.944		7210.87		0		57.8311		6	2	-2756.25
3	15	7734.65		465.944		7210.87		0		57.8311		6	4	0
3	15	7734.65		465.944		7210.87		0		57.8311		6	6	12019.2
3	15	7734.65		465.944		7210.87		0		57.8311		8	2	100.577
3	15	7734.65		465.944		7210.87		0		57.8311		8	4	0
3	15	7734.65		465.944		7210.87		0		57.8311		8	6	1.55166
3	15	7734.65		465.944		7210.87		0		57.8311		8	8	212.623
3	17	6589.26		590.016		5999.24		6.8632e-08		1.94814e-07		2	2	17720.6
3	17	6589.26		590.016		5999.24		6.8632e-08		1.94814e-07		4	2	0.000274945
3	17	6589.26		590.016		5999.24		6.8632e-08		1.94814e-07		4	4	7.74885e-07
3	17	6589.26		590.016		5999.24		6.8632e-08		1.94814e-07		6	2	-2629.21
3	17	6589.26		590.016		5999.24		6.8632e-08		1.94814e-07		6	4	-0.000462893
3	17	6589.26		590.016		5999.24		6.8632e-08		1.94814e-07		6	6	9476.37
3	17	6589.26		590.016		5999.24		6.8632e-08		1.94814e-07		8	2	0.000239846
3	17	6589.26		590.016		5999.24		6.8632e-08		1.94814e-07		8	4	1.4524e-09
3	17	6589.26		590.016		5999.24		6.8632e-08		1.94814e-07		8	6	-0.00154342
3	17	6589.26		590.016		5999.24		6.8632e-08		1.94814e-07		8	8	2.34597e-06
3	19	8596.47		747.629		7821.72		21.3566		5.7672		2	2	34041.7
3	19	8596.47		747.629		7821.72		21.3566		5.7672		4	2	381.102
3	19	8596.47		747.629		7821.72		21.3566		5.7672		4	4	594.585
3	19	8596.47		747.629		7821.72		21.3566		5.7672		6	2	-2688.89
3	19	8596.47		747.629		7821.72		21.3566		5.7672		6	4	56.7829
3	19	8596.47		747.629		7821.72		21.3566		5.7672		6	6	11933.2
3	19	8596.47		747.629		7821.72		21.3566		5.7672		8	2	26.6137
3	19	8596.47		747.629		7821.72		21.3566		5.7672		8	4	2.04428
3	19	8596.47		747.629		7821.72		21.3566		5.7672		8	6	2.92513
3	19	8596.47		747.629		7821.72		21.3566		5.7672		8	8	39.9317
3	22	7083.17		952.691		6059.43		71.0453		3.52326e-06		2	2	20496.2
3	22	7083.17		952.691		6059.43		71.0453		3.52326e-06		4	2	135.131
3	22	7083.17		952.691		6059.43		71.0453		3.52326e-06		4	4	548.871
3	22	7083.17		952.691		6059.43		71.0453		3.52326e-06		6	2	-2378
3	22	7083.17		952.691		6059.43		71.0453		3.52326e-06		6	4	-10.7406
3	22	7083.17		952.691		6059.43		71.0453		3.52326e-06		6	6	8091.91
3	22	7083.17		952.691		6059.43		71.0453		3.52326e-06		8	2	0.0130558
3	22	7083.17		952.691		6059.43		71.0453		3.52326e-06		8	4	0.00121762
3	22	7083.17		952.691		6059.43		71.0453		3.52326e-06		8	6	-0.00034742
3	22	7083.17		952.691		6059.43		71.0453		3.52326e-06		8	8	5.03663e-05
3	25	4033.94		661.831		3327.16		44.951		3.66511e-06		2	2	14395.6
3	25	4033.94		661.831		3327.16		44.951		3.66511e-06		4	2	602.742
3	25	4033.94		661.831		3327.16		44.951		3.66511e-06		4	4	332.376
3	25	4033.94		661.831		3327.16		44.951		3.66511e-06		6	2	1449.33
3	25	4033.94		661.831		3327.16		44.951		3.66511e-06		6	4	261.232
3	25	4033.94		661.831		3327.16		44.951		3.66511e-06		6	6	6084.57
3	25	4033.94		661.831		3327.16		44.951		3.66511e-06		8	2	4.13556e-05
3	25	4033.94		661.831		3327.16		44.951		3.66511e-06		8	4	4.89869e-06
3	25	4033.94		661.831		3327.16		44.951		3.66511e-06		8	6	5.97524e-06
3	25	4033.94		661.831		3327.16		44.951		3.66511e-06		8	8	1.01797e-05
3	27	4921.52		934.633		3918.82		66.1949		1.87057		2	2	9924.99
3	27	4921.52		934.633		3918.82		66.1949		1.87057		4	2	100.136
3	27	4921.52		934.633		3918.82		66.1949		1.87057		4	4	366.755
3	27	4921.52		934.633		3918.82		66.1949		1.87057		6	2	-1160.91
3	27	4921.52		934.633		3918.82		66.1949		1.87057		6	4	32.2418
3	27	4921.52		934.633		3918.82		66.1949		1.87057		6	6	5990.17
3	27	4921.52		934.633		3918.82		66.1949		1.87057		8	2	7.58946
3	27	4921.52		934.633		3918.82		66.1949		1.87057		8	4	1.37438
3	27	4921.52		934.633		3918.82		66.1949		1.87057		8	6	2.7781
3	27	4921.52		934.633		3918.82		66.1949		1.87057		8	8	20.7215
3	30	6217.69		1677.23		4456.37		77.8484		6.23659		2	2	6735.26
3	30	6217.69		1677.23		4456.37		77.8484		6.23659		4	2	-32.9893
3	30	6217.69		1677.23		4456.37		77.8484		6.23659		4	4	295.302
3	30	6217.69		1677.23		4456.37		77.8484		6.23659		6	2	-3598.9
3	30	6217.69		1677.23		4456.37		77.8484		6.23659		6	4	-123.928
3	30	6217.69		1677.23		4456.37		77.8484		6.23659		6	6	13192.2
3	30	6217.69		1677.23		4456.37		77.8484		6.23659		8	2	-3.1373
3	30	6217.69		1677.23		4456.37		77.8484		6.23659		8	4	-0.0180359
3	30	6217.69		1677.23		4456.37		77.8484		6.23659		8	6	-9.11912
3	30	6217.69		1677.23		4456.37		77.8484		6.23659		8	8	20.0082
3	35	4665.98		1845.99		2757.4		55.4417		7.15717		2	2	3714.17
3	35	4665.98		1845.99		2757.4		55.4417		7.15717		4	2	-24.3842
3	35	4665.98		1845.99		2757.4		55.4417		7.15717		4	4	159.754
3	35	4665.98		1845.99		2757.4		55.4417		7.15717		6	2	-1316.14
3	35	4665.98		1845.99		2757.4		55.4417		7.15717		6	4	-43.6122
3	35	4665.98		1845.99		2757.4		55.4417		7.15717		6	6	5581.14
3	35	4665.98		1845.99		2757.4		55.4417		7.15717		8	2	-2.24716
3	35	4665.98		1845.99		2757.4		55.4417		7.15717		8	4	-0.0486993
3	35	4665.98		1845.99		2757.4		55.4417		7.15717		8	6	-4.15378
3	35	4665.98		1845.99		2757.4		55.4417		7.15717		8	8	13.3619
3	40	5457.04		2807.33		2506.27		130.657		12.7827		2	2	4974.65
3	40	5457.04		2807.33		2506.27		130.657		12.7827		4	2	32.4835
3	40	5457.04		2807.33		2506.27		130.657		12.7827		4	4	291.378
3	40	5457.04		2807.33		2506.27		130.657		12.7827		6	2	-766.74
3	40	5457.04		2807.33		2506.27		130.657		12.7827		6	4	31.5889
3	40	5457.04		2807.33		2506.27		130.657		12.7827		6	6	5880.38
3	40	5457.04		2807.33		2506.27		130.657		12.7827		8	2	3.68026
3	40	5457.04		2807.33		2506.27		130.657		12.7827		8	4	1.13684
3	40	5457.04		2807.33		2506.27		130.657		12.7827		8	6	3.6074
3	40	5457.04		2807.33		2506.27		130.657		12.7827		8	8	27.1837
4	10	3754.61		1079.43		2617.05		0		58.1332		2	2	17811.2
4	10	3754.61		1079.43		2617.05		0		58.1332		4	2	0
4	10	3754.61		1079.43		2617.05		0		58.1332		4	4	0
4	10	3754.61		1079.43		2617.05		0		58.1332		6	2	-1376.84
4	10	3754.61		1079.43		2617.05		0		58.1332		6	4	0
4	10	3754.61		1079.43		2617.05		0		58.1332		6	6	9338.26
4	10	3754.61		1079.43		2617.05		0		58.1332		8	2	176.461
4	10	3754.61		1079.43		2617.05		0		58.1332		8	4	0
4	10	3754.61		1079.43		2617.05		0		58.1332		8	6	0.156109
4	10	3754.61		1079.43		2617.05		0		58.1332		8	8	214.285
4	11	3767.01		589.452		3164.43		0		13.1203		2	2	10625.8
4	11	3767.01		589.452		3164.43		0		13.1203		4	2	0
4	11	3767.01		589.452		3164.43		0		13.1203		4	4	0
4	11	3767.01		589.452		3164.43		0		13.1203		6	2	-1835.74
4	11	3767.01		589.452		3164.43		0		13.1203		6	4	0
4	11	3767.01		589.452		3164.43		0		13.1203		6	6	7700.5
4	11	3767.01		589.452		3164.43		0		13.1203		8	2	14.2081
4	11	3767.01		589.452		3164.43		0		13.1203		8	4	0
4	11	3767.01		589.452		3164.43		0		13.1203		8	6	-8.67929
4	11	3767.01		589.452		3164.43		0		13.1203		8	8	94.1817
4	12	3977.34		364.781		3596.71		0		15.8431		2	2	9187.6
4	12	3977.34		364.781		3596.71		0		15.8431		4	2	0
4	12	3977.34		364.781		3596.71		0		15.8431		4	4	0
4	12	3977.34		364.781		3596.71		0		15.8431		6	2	-1010.96
4	12	3977.34		364.781		3596.71		0		15.8431		6	4	0
4	12	3977.34		364.781		3596.71		0		15.8431		6	6	9143.57
4	12	3977.34		364.781		3596.71		0		15.8431		8	2	40.5482
4	12	3977.34		364.781		3596.71		0		15.8431		8	4	0
4	12	3977.34		364.781		3596.71		0		15.8431		8	6	13.003
4	12	3977.34		364.781		3596.71		0		15.8431		8	8	115.453
4	13	7454.05		512.363		6918.31		0		23.3769		2	2	19157
4	13	7454.05		512.363		6918.31		0		23.3769		4	2	0
4	13	7454.05		512.363		6918.31		0		23.3769		4	4	0
4	13	7454.05		512.363		6918.31		0		23.3769		6	2	138.565
4	13	7454.05		512.363		6918.31		0		23.3769		6	4	0
4	13	7454.05		512.363		6918.31		0		23.3769		6	6	10840.3
4	13	7454.05		512.363		6918.31		0		23.3769		8	2	134.952
4	13	7454.05		512.363		6918.31		0		23.3769		8	4	0
4	13	7454.05		512.363		6918.31		0		23.3769		8	6	54.765
4	13	7454.05		512.363		6918.31		0		23.3769		8	8	173.45
4	15	7734.65		465.944		7210.87		0		57.8311		2	2	24747
4	15	7734.65		465.944		7210.87		0		57.8311		4	2	0
4	15	7734.65		465.944		7210.87		0		57.8311		4	4	0
4	15	7734.65		465.944		7210.87		0		57.8311		6	2	-2756.25
4	15	7734.65		465.944		7210.87		0		57.8311		6	4	0
4	15	7734.65		465.944		7210.87		0		57.8311		6	6	12019.2
4	15	7734.65		465.944		7210.87		0		57.8311		8	2	100.577
4	15	7734.65		465.944		7210.87		0		57.8311		8	4	0
4	15	7734.65		465.944		7210.87		0		57.8311		8	6	1.55166
4	15	7734.65		465.944		7210.87		0		57.8311		8	8	212.623
4	17	6589.26		590.016		5999.24		6.8632e-08		1.94814e-07		2	2	17720.6
4	17	6589.26		590.016		5999.24		6.8632e-08		1.94814e-07		4	2	0.000274945
4	17	6589.26		590.016		5999.24		6.8632e-08		1.94814e-07		4	4	7.74885e-07
4	17	6589.26		590.016		5999.24		6.8632e-08		1.94814e-07		6	2	-2629.21
4	17	6589.26		590.016		5999.24		6.8632e-08		1.94814e-07		6	4	-0.000462893
4	17	6589.26		590.016		5999.24		6.8632e-08		1.94814e-07		6	6	9476.37
4	17	6589.26		590.016		5999.24		6.8632e-08		1.94814e-07		8	2	0.000239846
4	17	6589.26		590.016		5999.24		6.8632e-08		1.94814e-07		8	4	1.4524e-09
4	17	6589.26		590.016		5999.24		6.8632e-08		1.94814e-07		8	6	-0.00154342
4	17	6589.26		590.016		5999.24		6.8632e-08		1.94814e-07		8	8	2.34597e-06
4	19	8596.47		747.629		7821.72		21.3566		5.7672		2	2	34041.7
4	19	8596.47		747.629		7821.72		21.3566		5.7672		4	2	381.102
4	19	8596.47		747.629		7821.72		21.3566		5.7672		4	4	594.585
4	19	8596.47		747.629		7821.72		21.3566		5.7672		6	2	-2688.89
4	19	8596.47		747.629		7821.72		21.3566		5.7672		6	4	56.7829
4	19	8596.47		747.629		7821.72		21.3566		5.7672		6	6	11933.2
4	19	8596.47		747.629		7821.72		21.3566		5.7672		8	2	26.6137
4	19	8596.47		747.629		7821.72		21.3566		5.7672		8	4	2.04428
4	19	8596.47		747.629		7821.72		21.3566		5.7672		8	6	2.92513
4	19	8596.47		747.629		7821.72		21.3566		5.7672		8	8	39.9317
4	22	7083.17		952.691		6059.43		71.0453		3.52326e-06		2	2	20496.2
4	22	7083.17		952.691		6059.43		71.0453		3.52326e-06		4	2	135.131
4	22	7083.17		952.691		6059.43		71.0453		3.52326e-06		4	4	548.871
4	22	7083.17		952.691		6059.43		71.0453		3.52326e-06		6	2	-2378
4	22	7083.17		952.691		6059.43		71.0453		3.52326e-06		6	4	-10.7406
4	22	7083.17		952.691		6059.43		71.0453		3.52326e-06		6	6	8091.91
4	22	7083.17		952.691		6059.43		71.0453		3.52326e-06		8	2	0.0130558
4	22	7083.17		952.691		6059.43		71.0453		3.52326e-06		8	4	0.00121762
4	22	7083.17		952.691		6059.43		71.0453		3.52326e-06		8	6	-0.00034742
4	22	7083.17		952.691		6059.43		71.0453		3.52326e-06		8	8	5.03663e-05
4	25	4033.94		661.831		3327.16		44.951		3.66511e-06		2	2	14395.6
4	25	4033.94		661.831		3327.16		44.951		3.66511e-06		4	2	602.742
4	25	4033.94		661.831		3327.16		44.951		3.66511e-06		4	4	332.376
4	25	4033.94		661.831		3327.16		44.951		3.66511e-06		6	2	1449.33
4	25	4033.94		661.831		3327.16		44.951		3.66511e-06		6	4	261.232
4	25	4033.94		661.831		3327.16		44.951		3.66511e-06		6	6	6084.57
4	25	4033.94		661.831		3327.16		44.951		3.66511e-06		8	2	4.13556e-05
4	25	4033.94		661.831		3327.16		44.951		3.66511e-06		8	4	4.89869e-06
4	25	4033.94		661.831		3327.16		44.951		3.66511e-06		8	6	5.97524e-06
4	25	4033.94		661.831		3327.16		44.951		3.66511e-06		8	8	1.01797e-05
4	27	4921.52		934.633		3918.82		66.1949		1.87057		2	2	9924.99
4	27	4921.52		934.633		3918.82		66.1949		1.87057		4	2	100.136
4	27	4921.52		934.633		3918.82		66.1949		1.87057		4	4	366.755
4	27	4921.52		934.633		3918.82		66.1949		1.87057		6	2	-1160.91
4	27	4921.52		934.633		3918.82		66.1949		1.87057		6	4	32.2418
4	27	4921.52		934.633		3918.82		66.1949		1.87057		6	6	5990.17
4	27	4921.52		934.633		3918.82		66.1949		1.87057		8	2	7.58946
4	27	4921.52		934.633		3918.82		66.1949		1.87057		8	4	1.37438
4	27	4921.52		934.633		3918.82		66.1949		1.87057		8	6	2.7781
4	27	4921.52		934.633		3918.82		66.1949		1.87057		8	8	20.7215
4	30	6217.69		1677.23		4456.37		77.8484		6.23659		2	2	6735.26
4	30	6217.69		1677.23		4456.37		77.8484		6.23659		4	2	-32.9893
4	30	6217.69		1677.23		4456.37		77.8484		6.23659		4	4	295.302
4	30	6217.69		1677.23		4456.37		77.8484		6.23659		6	2	-3598.9
4	30	6217.69		1677.23		4456.37		77.8484		6.23659		6	4	-123.928
4	30	6217.69		1677.23		4456.37		77.8484		6.23659		6	6	13192.2
4	30	6217.69		1677.23		4456.37		77.8484		6.23659		8	2	-3.1373
4	30	6217.69		1677.23		4456.37		77.8484		6.23659		8	4	-0.0180359
4	30	6217.69		1677.23		4456.37		77.8484		6.23659		8	6	-9.11912
4	30	6217.69		1677.23		4456.37		77.8484		6.23659		8	8	20.0082
4	35	4665.98		1845.99		2757.4		55.4417		7.15717		2	2	3714.17
4	35	4665.98		1845.99		2757.4		55.4417		7.15717		4	2	-24.3842
4	35	4665.98		1845.99		2757.4		55.4417		7.15717		4	4	159.754
4	35	4665.98		1845.99		2757.4		55.4417		7.15717		6	2	-1316.14
4	35	4665.98		1845.99		2757.4		55.4417		7.15717		6	4	-43.6122
4	35	4665.98		1845.99		2757.4		55.4417		7.15717		6	6	5581.14
4	35	4665.98		1845.99		2757.4		55.4417		7.15717		8	2	-2.24716
4	35	4665.98		1845.99		2757.4		55.4417		7.15717		8	4	-0.0486993
4	35	4665.98		1845.99		2757.4		55.4417		7.15717		8	6	-4.15378
4	35	4665.98		1845.99		2757.4		55.4417		7.15717		8	8	13.3619
4	40	5457.04		2807.33		2506.27		130.657		12.7827		2	2	4974.65
4	40	5457.04		2807.33		2506.27		130.657		12.7827		4	2	32.4835
4	40	5457.04		2807.33		2506.27		130.657		12.7827		4	4	291.378
4	40	5457.04		2807.33		2506.27		130.657		12.7827		6	2	-766.74
4	40	5457.04		2807.33		2506.27		130.657		12.7827		6	4	31.5889
4	40	5457.04		2807.33		2506.27		130.657		12.7827		6	6	5880.38
4	40	5457.04		2807.33		2506.27		130.657		12.7827		8	2	3.68026
4	40	5457.04		2807.33		2506.27		130.657		12.7827		8	4	1.13684
4	40	5457.04		2807.33		2506.27		130.657		12.7827		8	6	3.6074
4	40	5457.04		2807.33		2506.27		130.657		12.7827		8	8	27.1837
